dr1_qa/sky/patch_stat_8525_N540_gaap1p0Flux.ecsv
# %ECSV 1.0
# ---
# datatype:
# - {name: patch, datatype: int64, description: patch id}
# - {name: median, datatype: float64, description: median of N540_gaap1p0Flux flux for each patch}
# - {name: std, datatype: float64, description: std of N540_gaap1p0Flux flux for each patch}
# meta: !!omap
# - {tract: 8525}
# - {comments: statisitcs of N540_gaap1p0Flux flux for each patch in tract 8525}
# schema: astropy-2.0
patch median std
0 16.5245677509477 42.48563125334096
1 32.534027928097494 67.63250764567064
2 18.37639130111438 56.127983834805676
3 3.790659579083023 51.30569926082346
4 -11.307613086445619 54.616420267145195
5 -9.568209309516266 43.617137914293565
6 15.47546297026624 62.317419699846454
7 4.18838904012516 40.17623289964932
8 42.278769405180434 53.12181590860663
9 10.497257167843223 58.96327986059527
10 26.447249373783468 60.905206366873614
11 31.260534531509137 71.27659483985701
12 -4.4985972510059735 39.528211435219205
13 -13.817750621846 47.81252685543654
14 -3.0951350016234436 24.496022527745232
15 9.907258950698171 47.55228702961603
16 2.011280745171441 58.15859917549896
17 5.143558346001153 57.37721043993698
18 2.190019850653842 58.16591737134717
19 1.1325525883300431 37.54210652532125
20 5.17871917575918 46.85048471116369
21 8.82952836482344 41.662900568520094
22 9.800881476572163 49.64815061753161
23 44.3347971516816 48.046665994590946
24 -0.4772715119975719 39.6603939260815
25 11.876917911275054 51.96103140881475
26 -2.5064750609063804 37.081282099438965
27 24.725788693749042 44.2651750081393
28 15.560384216443298 37.640903008814426
29 20.802028960630263 43.55630388943766
30 31.66923203416802 51.41010656408611
31 53.874239602335095 80.23352000046013
32 7.518110623202972 32.364152390936184
33 -11.995492474124646 24.21031202706434
34 3.350803606778585 55.41525501011646
35 35.154028571335616 39.74812896171156
36 22.666883187845304 55.292911832507386
37 13.106167846880643 75.44255779119663
38 25.186587563350322 55.514078392901666
39 -1.359182595956772 46.61377981341957
40 6.332398556875854 69.30383065316718
41 24.58539926473275 58.910525989369354
42 10.776631791017962 65.16833817100164
43 22.891414965255336 37.404637614939
44 9.326674819280594 60.110076234900916
45 28.857180347752497 56.7331344101001
46 45.549373955848054 39.97019179739925
47 72.52117035217971 79.97134713118713
48 -7.771573091589033 58.152716853796214
49 38.765564988751116 59.72684781904232
50 15.431351804825066 49.55705116229389
51 15.007230034352144 57.39125222453424
52 22.901494229883614 52.82816486335523
53 27.770126259357603 58.879468978321285
54 27.950530652556303 58.38406168921262
55 15.003103097958633 54.645224231972044
56 17.97569524313375 54.979871953296325
57 36.176335630397574 39.70630509386628
58 18.831226762467892 74.10839943631123
59 32.63848376423684 56.796018307348376
60 19.518054566971166 55.46823619418681
61 21.27152024066473 41.08204240724126
62 30.91704714072681 39.36717726989434
63 -20.40730194522941 53.846365313047826
64 16.628306100066858 34.183742238145896
65 18.52753408153461 50.99226045994446
66 25.076102227500563 40.77403523252054
67 21.05387585415182 75.58832447312719
68 45.77493205510136 63.41620108784736
69 -11.4700450856675 65.4297810043004
70 49.06263888214137 50.64437105152537
71 12.996856537077083 42.01910366214678
72 22.442165069624288 41.44865624891156
73 33.131497042742744 47.149702817574926
74 11.194681405624015 43.21900363321987
75 27.34351590573437 53.654065601724525
76 32.556132833985316 44.5300041692788
77 13.60033514192882 38.18581241802521
78 5.834247643874282 49.98988510750269
79 14.105772710925438 36.68899562640633
80 0.9380667025984599 42.355192165550704
