dr1_qa/sky/patch_stat_8525_N708_gaap1p5Flux.ecsv
# %ECSV 1.0
# ---
# datatype:
# - {name: patch, datatype: int64, description: patch id}
# - {name: median, datatype: float64, description: median of N708_gaap1p5Flux flux for each patch}
# - {name: std, datatype: float64, description: std of N708_gaap1p5Flux flux for each patch}
# meta: !!omap
# - {tract: 8525}
# - {comments: statisitcs of N708_gaap1p5Flux flux for each patch in tract 8525}
# schema: astropy-2.0
patch median std
0 61.19142390976241 97.27938185382635
1 183.91276811000455 113.38811063892868
2 66.0806134841383 85.55670898538696
3 43.84501265370896 80.19484645406776
4 77.48638427575982 78.99946021790574
5 21.495599794091916 90.62861287494758
6 31.861159621676045 106.04436161535018
7 36.741751825251384 70.73916505138882
8 39.968223358535106 76.06038995792707
9 62.27106385061861 81.68839277327805
10 15.859883959792647 84.48435065320663
11 65.06389359387275 102.48349588734195
12 44.931574552924666 72.63209907922109
13 84.47866904607768 101.25106003095641
14 19.481135246825342 100.61151123067327
15 18.847833217410795 80.63065309675343
16 52.5624285711476 96.19024412647352
17 103.61540416894277 135.20464332669127
18 36.80329938312584 81.80715133113102
19 46.492837061603886 58.66581906911762
20 13.479701189430566 70.64748877576073
21 28.455574610497678 87.7280662139475
22 151.16099697116624 94.87326491950881
23 77.83447072407357 100.41764715169676
24 81.57260282465967 56.21155149901159
25 18.553394487809996 98.93815099675382
26 72.8995957715332 68.7719961032193
27 108.66743884765751 59.912335445088075
28 14.347574921887624 80.7825656444118
29 32.227058676762034 74.32049489888004
30 98.85388892560727 103.6155359350583
31 116.34707776908186 93.19204363993694
32 37.259253807059494 93.7696206483198
33 30.08229739080956 90.8095613331756
34 81.0073400562262 92.2636134473836
35 30.370767907871496 83.81907456264952
36 54.86790245183889 88.64223671784087
37 105.41747133680735 79.67711974740975
38 40.057681292047945 119.25925976050404
39 81.32176987720027 101.18235553050954
40 104.21521462732139 123.10811691529463
41 62.52836464805773 80.28340938946526
42 44.6551087407086 108.27759526170861
43 69.04113427811822 122.78464055252303
44 32.50377737762744 95.76741165957748
45 55.38910322438095 63.21445263208713
46 75.69221796598453 86.70002417861626
47 150.17080019038522 180.89977408109976
48 44.04619770121315 114.39111346272745
49 52.82478191074652 96.61995634182892
50 119.484927824498 112.76479545108326
51 100.89793904890021 74.65361774649136
52 118.60240747668357 110.05777033289445
53 66.54378364470324 137.13875082308496
54 93.58028492817361 125.75305947838652
55 23.15749950829343 100.34380579388016
56 50.33758208962186 109.95470063882806
57 32.20415858999207 129.279313043925
58 75.79006945761502 110.38430041942725
59 105.78217224316494 125.8435343891182
60 46.60169290562045 49.711751511072606
61 77.07283381162244 112.18744638202838
62 72.49556195582102 82.41380935177028
63 29.890002993961478 139.48033939866394
64 135.60097100152714 130.74483460611654
65 114.95819669742795 135.32577738573244
66 75.39901086479615 123.33237280527382
67 131.3553432574485 162.95132792502335
68 75.51888611786715 118.53592284020708
69 154.29766139376466 117.17657834701545
70 108.26373260020395 71.88406695369487
71 103.11407917089164 101.4163771619573
72 62.23598282186083 204.01050594915975
73 92.08549838128764 241.6348199949075
74 329.473554068663 136.62256875612343
75 68.5911806224231 200.17771213710654
76 13.442443060924388 200.59043509257492
77 155.153009320206 134.73763555468747
78 184.44138318115904 170.75660428412215
79 143.18476165910465 163.7018132418795
80 68.99415107599216 168.16571269116383
