dr1_qa/sky/patch_stat_8525_N708_gaap1p0Flux.ecsv
# %ECSV 1.0
# ---
# datatype:
# - {name: patch, datatype: int64, description: patch id}
# - {name: median, datatype: float64, description: median of N708_gaap1p0Flux flux for each patch}
# - {name: std, datatype: float64, description: std of N708_gaap1p0Flux flux for each patch}
# meta: !!omap
# - {tract: 8525}
# - {comments: statisitcs of N708_gaap1p0Flux flux for each patch in tract 8525}
# schema: astropy-2.0
patch median std
0 22.652218889020276 70.15897619644124
1 103.11219054715075 61.75267783622924
2 39.792544407697534 64.34174336120758
3 -8.567095381244929 59.97711318436303
4 40.31854019126962 38.07502559281977
5 1.2893327499973233 57.18296789801672
6 17.758791633593393 61.25604556773999
7 14.961482683561082 59.71582623519762
8 -0.9946638506919472 70.28688000195046
9 14.495783373494325 49.61925400132935
10 -9.124019865077102 89.45231683589061
11 30.13556155709323 62.340115324516105
12 2.769185413200973 63.19219071118132
13 59.4441339526382 52.21686116101637
14 1.8235977448082008 62.07049243184387
15 20.297522082939363 66.88213571420596
16 23.75974454464569 66.92266226389157
17 54.101624343512455 75.37485952574043
18 30.30934506427458 76.34728567118714
19 22.439686057097912 41.8517998938011
20 5.088362612397564 64.87324687624806
21 10.674663693191071 69.60811150483897
22 56.71456851144579 65.13785801203126
23 28.032910984574457 60.11445153400544
24 30.77788904751158 32.27680049651362
25 3.967279607971963 58.11248290467035
26 20.467010006475277 54.722397585974456
27 60.20548302429491 46.651312383802974
28 8.2893167857464 50.07000474327841
29 1.9718176495582302 50.72377709191855
30 28.800850913066192 68.60610817887398
31 33.582754914481114 69.2207334004249
32 0.8397763672936136 70.47410172354238
33 -19.65885571262406 62.391215400844544
34 37.06352941260722 59.61348464376523
35 6.262170955504247 48.28457374330348
36 14.588151696568664 67.17012340372227
37 48.46898501473484 67.94256144534275
38 4.20212733908874 64.87303114981921
39 34.41854765873595 68.19439415940579
40 50.02547056867433 76.66535273277947
41 25.19100575146613 54.76094364225091
42 30.44608372186492 69.57295923002296
43 30.64583648253947 81.80724830614402
44 9.703246810200243 73.82202248390044
45 34.663302077012936 39.244313557651104
46 4.790203372517548 50.563591451760644
47 69.4052542982055 129.77368154478637
48 21.888129734834116 64.00619497330051
49 14.017822625246996 67.99806467237009
50 90.98033210544492 44.821329094135564
51 54.10619455287257 62.69442628302867
52 46.30909668853827 80.83767733228638
53 15.820942895504308 81.11313443711651
54 32.00319202412748 87.69303811011484
55 -17.805768407693783 71.82986075834836
56 10.612151135426044 109.59396275954931
57 22.296478538242187 57.43298416857644
58 22.399649492454966 97.12872697773818
59 59.80853667990884 63.657181320434105
60 17.09976140209165 46.632359127379694
61 29.915885085158386 73.45220607926248
62 35.59174874749333 62.946638076140516
63 17.519013844682437 81.71475208092515
64 29.451394223445842 139.59897507117702
65 45.311553310333615 103.23951946694558
66 19.732578270584003 85.14768034240896
67 28.844054191535818 127.08050192429998
68 9.700640169880018 86.53295878698853
69 48.47761631088829 78.9053673142146
70 49.17361228793522 54.020524722304295
71 38.03008870099584 95.31387450941031
72 16.544777568491593 117.75554850432252
73 37.45189810049625 151.59217637252692
74 244.21740015616712 38.49384026303089
75 69.46147888420265 116.39051240697819
76 -25.76415089230184 135.2149583011829
77 72.77956462619574 89.78510734015543
78 76.29677775911327 113.31238548600957
79 58.836639547194835 154.712081705813
80 -3.4518324991699303 139.29136297899817
