dr1_qa/sky/patch_stat_8525_N540_gaap1p5Flux.ecsv
# %ECSV 1.0
# ---
# datatype:
# - {name: patch, datatype: int64, description: patch id}
# - {name: median, datatype: float64, description: median of N540_gaap1p5Flux flux for each patch}
# - {name: std, datatype: float64, description: std of N540_gaap1p5Flux flux for each patch}
# meta: !!omap
# - {tract: 8525}
# - {comments: statisitcs of N540_gaap1p5Flux flux for each patch in tract 8525}
# schema: astropy-2.0
patch median std
0 28.73221709551212 75.54213914896849
1 81.82212824899251 72.06090180230296
2 10.007833666774081 75.60985732139532
3 32.45153579062337 60.17105257541526
4 12.754432611909365 75.3242754002521
5 6.7441131828919705 49.197493677582244
6 54.23697160138788 93.99269239971031
7 -1.0403593396315942 48.665938381921784
8 59.673509374867486 70.79252424508019
9 72.42056934086887 71.86746807399739
10 55.829599195249216 59.42319536087996
11 64.83989084432442 86.42704444786915
12 31.578090708309663 59.89592678387335
13 27.239176491083356 72.83928299550166
14 33.20853838938452 39.30812980526777
15 12.568025337872596 62.60617230569535
16 17.408885017459674 80.44570786176152
17 52.36451196019486 109.20596641072696
18 38.83089713441471 56.95683488991011
19 27.045027335957855 56.66665068552791
20 16.55546692691371 57.583934811107525
21 28.51457643317979 43.4826313283415
22 47.14042990775108 92.06334574195805
23 52.679814708418576 82.00379057697381
24 2.374744880520223 53.781633669918364
25 29.3767722279848 63.72591224617477
26 -7.356737003154266 67.69702828955981
27 61.791641720356125 66.35380812308303
28 22.60058219620589 56.02027522846562
29 41.62052125937221 56.65942466993038
30 78.9606276568984 95.47064331271845
31 130.12120635712466 117.15444536308576
32 43.30429353173809 41.02716170398151
33 0.590351856089674 63.10253420670797
34 28.484537636282585 70.23548574946108
35 81.30536220826929 57.24507765465806
36 55.1168325004791 84.62906165586344
37 63.992913639991855 89.87468427794465
38 65.65646687533311 74.68091597162926
39 -9.668497934694912 70.01156481840735
40 34.075629290959206 108.5103327746179
41 57.93583774858651 73.14454119016091
42 45.3031570111168 80.32434136721494
43 61.626253621551726 64.51378694939278
44 7.9403036839282315 94.46420988498278
45 66.75131795620514 85.70826956978802
46 99.38093570500112 58.96564466641174
47 147.50375171475395 168.18933991516138
48 23.984746962335617 89.54981347092887
49 46.09627639121477 65.803006165212
50 76.34200869732675 72.86358242725647
51 52.0273995420493 89.18218760248145
52 61.53417254316382 84.82881318860137
53 40.26882438037477 91.25380185306113
54 76.55755869796704 105.43787116750372
55 13.931522455507876 70.7361827961293
56 40.66254007559599 69.74528839049803
57 52.18570713127289 63.944452713986244
58 34.83869021350323 68.96871217405652
59 46.47805535368926 81.05765065286039
60 16.046886934195356 68.27540765710546
61 46.783612370888655 83.8143854718912
62 47.04843263764856 56.35286051168377
63 -20.16920780392615 65.74741722533153
64 34.38895033800026 49.868346476072304
65 44.8224467641425 66.30581800941859
66 56.30367102069302 55.78865129425321
67 79.46458053178985 82.24177783816397
68 63.25847394029378 85.57837451436262
69 39.39435056184604 96.69768780576757
70 90.91217396872165 69.23286820616082
71 43.932285996577264 53.52358906038261
72 25.559696140744624 47.513479153922006
73 58.761519804938686 64.82713257899862
74 24.2075186002655 63.614967481425325
75 56.201443534198326 82.50273288581182
76 80.04063212014955 61.580153145383775
77 16.670733220691996 73.51395992502029
78 9.6874199965917 89.72849486178902
79 56.48524025262016 55.22300924206675
80 26.04383797674214 55.88512915375319
